distance_at_closest_approach[km]: 100
phase_angle_of_approach[°]: -90
altitude_angle[°]: -90
spacecraft_velocity[km/s]: 10
spacecraft_frontal_area[m^2]: 0.01
size_bins[m]: 0.001, 0.000889953, 0.000792016, 0.000704857, 0.00062729, 0.000558259, 0.000496824, 0.00044215, 0.000393493, 0.00035019, 0.000311653, 0.000277356, 0.000246834, 0.000219671, 0.000195497, 0.000173983, 0.000154837, 0.000137797, 0.000122633, 0.000109138, 9.71274e-05, 8.64388e-05, 7.69265e-05, 6.8461e-05, 6.0927e-05, 5.42222e-05, 4.82552e-05, 4.29449e-05, 3.82189e-05, 3.4013e-05, 3.027e-05, 2.69389e-05, 2.39743e-05, 2.1336e-05, 1.89881e-05, 1.68985e-05, 1.50389e-05, 1.33839e-05, 1.1911e-05, 1.06003e-05, 9.43373e-06, 8.39558e-06, 7.47167e-06, 6.64944e-06, 5.91769e-06, 5.26646e-06, 4.6869e-06, 4.17112e-06, 3.71211e-06, 3.3036e-06, 2.94005e-06, 2.6165e-06, 2.32857e-06, 2.07231e-06, 1.84426e-06, 1.64131e-06, 1.46069e-06, 1.29994e-06, 1.15689e-06, 1.02958e-06, 9.16274e-07, 8.15441e-07, 7.25704e-07, 6.45842e-07, 5.74769e-07, 5.11518e-07, 4.55227e-07, 4.0513e-07, 3.60547e-07, 3.2087e-07, 2.85559e-07, 2.54134e-07, 2.26168e-07, 2.01279e-07, 1.79128e-07, 1.59416e-07, 1.41873e-07, 1.2626e-07, 1.12365e-07, 1e-07
impact_mass_per_bin[kg]: 3.50797e-07, 3.23552e-07, 2.98323e-07, 2.7509e-07, 2.5376e-07, 2.33954e-07, 2.15878e-07, 1.99002e-07, 1.83606e-07, 1.69451e-07, 1.56186e-07, 1.44108e-07, 1.32971e-07, 1.22651e-07, 1.13168e-07, 1.04434e-07, 9.63834e-08, 8.89597e-08, 8.21091e-08, 7.57875e-08, 6.99649e-08, 6.45979e-08, 5.96497e-08, 5.50871e-08, 5.08797e-08, 4.69999e-08, 4.34218e-08, 4.01219e-08, 3.70783e-08, 3.4271e-08, 3.16816e-08, 2.92929e-08, 2.70893e-08, 2.50564e-08, 2.31806e-08, 2.145e-08, 1.9853e-08, 1.83792e-08, 1.70191e-08, 1.57636e-08, 1.46049e-08, 1.35351e-08, 1.25474e-08, 1.16355e-08, 1.07934e-08, 1.00157e-08, 9.29735e-09, 8.63395e-09, 8.02103e-09, 7.4546e-09, 6.93094e-09, 6.44712e-09, 5.99979e-09, 5.58618e-09, 5.20408e-09, 4.85047e-09, 4.52324e-09, 4.22054e-09, 3.94026e-09, 3.68077e-09, 3.44067e-09, 3.21846e-09, 3.01249e-09, 2.82133e-09, 2.64395e-09, 2.4795e-09, 2.32691e-09, 2.18544e-09, 2.05391e-09, 1.93187e-09, 1.81844e-09, 1.71309e-09, 1.61506e-09, 1.52385e-09, 1.43911e-09, 1.36017e-09, 1.28648e-09, 1.21786e-09, 1.15397e-09, 1.08082e-09
total_impact_mass[kg]: 4.54925e-06
