distance_at_closest_approach[km]: 100
phase_angle_of_approach[°]: -90
altitude_angle[°]: -90
spacecraft_velocity[km/s]: 10
spacecraft_frontal_area[m^2]: 0.01
size_bins[m]: 0.001, 0.000889953, 0.000792016, 0.000704857, 0.00062729, 0.000558259, 0.000496824, 0.00044215, 0.000393493, 0.00035019, 0.000311653, 0.000277356, 0.000246834, 0.000219671, 0.000195497, 0.000173983, 0.000154837, 0.000137797, 0.000122633, 0.000109138, 9.71274e-05, 8.64388e-05, 7.69265e-05, 6.8461e-05, 6.0927e-05, 5.42222e-05, 4.82552e-05, 4.29449e-05, 3.82189e-05, 3.4013e-05, 3.027e-05, 2.69389e-05, 2.39743e-05, 2.1336e-05, 1.89881e-05, 1.68985e-05, 1.50389e-05, 1.33839e-05, 1.1911e-05, 1.06003e-05, 9.43373e-06, 8.39558e-06, 7.47167e-06, 6.64944e-06, 5.91769e-06, 5.26646e-06, 4.6869e-06, 4.17112e-06, 3.71211e-06, 3.3036e-06, 2.94005e-06, 2.6165e-06, 2.32857e-06, 2.07231e-06, 1.84426e-06, 1.64131e-06, 1.46069e-06, 1.29994e-06, 1.15689e-06, 1.02958e-06, 9.16274e-07, 8.15441e-07, 7.25704e-07, 6.45842e-07, 5.74769e-07, 5.11518e-07, 4.55227e-07, 4.0513e-07, 3.60547e-07, 3.2087e-07, 2.85559e-07, 2.54134e-07, 2.26168e-07, 2.01279e-07, 1.79128e-07, 1.59416e-07, 1.41873e-07, 1.2626e-07, 1.12365e-07, 1e-07
impact_mass_per_bin[kg]: 4.31411e-07, 3.97853e-07, 3.66858e-07, 3.3823e-07, 3.11908e-07, 2.87656e-07, 2.65303e-07, 2.44683e-07, 2.25663e-07, 2.08124e-07, 1.92002e-07, 1.77112e-07, 1.63361e-07, 1.50722e-07, 1.39073e-07, 1.28297e-07, 1.18384e-07, 1.09236e-07, 1.00824e-07, 9.30477e-08, 8.58284e-08, 7.9201e-08, 7.3099e-08, 6.74762e-08, 6.22936e-08, 5.75162e-08, 5.31116e-08, 4.90506e-08, 4.53059e-08, 4.18529e-08, 3.86685e-08, 3.57317e-08, 3.30231e-08, 3.05247e-08, 2.82201e-08, 2.60944e-08, 2.41333e-08, 2.2324e-08, 2.06547e-08, 1.91143e-08, 1.7693e-08, 1.63813e-08, 1.51704e-08, 1.40529e-08, 1.30215e-08, 1.20691e-08, 1.11898e-08, 1.03784e-08, 9.62905e-09, 8.93674e-09, 8.29673e-09, 7.70605e-09, 7.16011e-09, 6.65561e-09, 6.19049e-09, 5.76013e-09, 5.36197e-09, 4.99423e-09, 4.65371e-09, 4.33875e-09, 4.04952e-09, 3.77915e-09, 3.52824e-09, 3.29703e-09, 3.08212e-09, 2.8835e-09, 2.69934e-09, 2.52902e-09, 2.37052e-09, 2.22377e-09, 2.08772e-09, 1.96151e-09, 1.84321e-09, 1.73363e-09, 1.63248e-09, 1.53831e-09, 1.45035e-09, 1.36875e-09, 1.29301e-09, 1.20734e-09
total_impact_mass[kg]: 5.57917e-06
