distance_at_closest_approach[km]: 100
phase_angle_of_approach[°]: -90
altitude_angle[°]: -90
spacecraft_velocity[km/s]: 10
spacecraft_frontal_area[m^2]: 0.01
size_bins[m]: 0.001, 0.000889953, 0.000792016, 0.000704857, 0.00062729, 0.000558259, 0.000496824, 0.00044215, 0.000393493, 0.00035019, 0.000311653, 0.000277356, 0.000246834, 0.000219671, 0.000195497, 0.000173983, 0.000154837, 0.000137797, 0.000122633, 0.000109138, 9.71274e-05, 8.64388e-05, 7.69265e-05, 6.8461e-05, 6.0927e-05, 5.42222e-05, 4.82552e-05, 4.29449e-05, 3.82189e-05, 3.4013e-05, 3.027e-05, 2.69389e-05, 2.39743e-05, 2.1336e-05, 1.89881e-05, 1.68985e-05, 1.50389e-05, 1.33839e-05, 1.1911e-05, 1.06003e-05, 9.43373e-06, 8.39558e-06, 7.47167e-06, 6.64944e-06, 5.91769e-06, 5.26646e-06, 4.6869e-06, 4.17112e-06, 3.71211e-06, 3.3036e-06, 2.94005e-06, 2.6165e-06, 2.32857e-06, 2.07231e-06, 1.84426e-06, 1.64131e-06, 1.46069e-06, 1.29994e-06, 1.15689e-06, 1.02958e-06, 9.16274e-07, 8.15441e-07, 7.25704e-07, 6.45842e-07, 5.74769e-07, 5.11518e-07, 4.55227e-07, 4.0513e-07, 3.60547e-07, 3.2087e-07, 2.85559e-07, 2.54134e-07, 2.26168e-07, 2.01279e-07, 1.79128e-07, 1.59416e-07, 1.41873e-07, 1.2626e-07, 1.12365e-07, 1e-07
impact_mass_per_bin[kg]: 3.93455e-07, 3.62808e-07, 3.34538e-07, 3.08503e-07, 2.84544e-07, 2.62432e-07, 2.41994e-07, 2.23246e-07, 2.05881e-07, 1.89884e-07, 1.75189e-07, 1.61606e-07, 1.49083e-07, 1.37576e-07, 1.26937e-07, 1.17131e-07, 1.08079e-07, 9.97394e-08, 9.20043e-08, 8.48793e-08, 7.83362e-08, 7.23092e-08, 6.6754e-08, 6.16327e-08, 5.69109e-08, 5.25573e-08, 4.85428e-08, 4.48409e-08, 4.1427e-08, 3.82786e-08, 3.53748e-08, 3.26964e-08, 3.02259e-08, 2.7947e-08, 2.58446e-08, 2.39051e-08, 2.21157e-08, 2.04645e-08, 1.8941e-08, 1.75349e-08, 1.62373e-08, 1.50397e-08, 1.39341e-08, 1.29134e-08, 1.19712e-08, 1.11012e-08, 1.02978e-08, 9.55609e-09, 8.87102e-09, 8.23804e-09, 7.6529e-09, 7.11258e-09, 6.61312e-09, 6.15146e-09, 5.72537e-09, 5.33112e-09, 4.96635e-09, 4.62915e-09, 4.31696e-09, 4.02807e-09, 3.76109e-09, 3.51456e-09, 3.2871e-09, 3.07425e-09, 2.87802e-09, 2.6943e-09, 2.5243e-09, 2.36759e-09, 2.22126e-09, 2.086e-09, 1.96032e-09, 1.8438e-09, 1.73541e-09, 1.63464e-09, 1.54123e-09, 1.45427e-09, 1.37309e-09, 1.29762e-09, 1.22747e-09, 1.1477e-09
total_impact_mass[kg]: 5.09446e-06
